0.000000 1.000000 1.000000 
0.100000 0.886920 1.000000 
0.200000 0.786628 1.000000 
0.300000 0.697676 1.000000 
0.400000 0.618783 1.000000 
0.500000 0.548812 1.000000 
0.600000 0.486752 1.000000 
0.700000 0.431711 1.000000 
0.800000 0.382893 1.000000 
0.900000 0.339596 1.000000 
1.000000 0.301194 1.000000 
1.100000 0.267135 1.000000 
1.200000 0.236928 1.000000 
1.300000 0.210136 1.000000 
1.400000 0.186374 1.000000 
1.500000 0.165299 1.000000 
1.600000 0.146607 1.000000 
1.700000 0.130029 1.000000 
1.800000 0.115325 1.000000 
1.900000 0.102284 1.000000 
2.000000 0.090718 1.000000 
2.100000 0.080460 1.000000 
2.200000 0.071361 1.000000 
2.300000 0.063292 1.000000 
2.400000 0.056135 1.000000 
2.500000 0.049787 1.000000 
2.600000 0.044157 1.000000 
2.700000 0.039164 1.000000 
2.800000 0.034735 1.000000 
2.900000 0.030807 1.000000 
3.000000 0.027324 1.000000 
3.100000 0.024234 1.000000 
3.200000 0.021494 1.000000 
3.300000 0.019063 1.000000 
3.400000 0.016907 1.000000 
3.500000 0.014996 1.000000 
3.600000 0.013300 1.000000 
3.700000 0.011796 1.000000 
3.800000 0.010462 1.000000 
3.900000 0.009279 1.000000 
4.000000 0.008230 1.000000 
4.100000 0.007299 1.000000 
4.200000 0.006474 1.000000 
4.300000 0.005742 1.000000 
4.400000 0.005092 1.000000 
4.500000 0.004517 1.000000 
4.600000 0.004006 1.000000 
4.700000 0.003553 1.000000 
4.800000 0.003151 1.000000 
4.900000 0.002795 1.000000 
5.000000 0.002479 1.000000 
5.100000 0.002198 1.000000 
5.200000 0.001950 1.000000 
5.300000 0.001729 1.000000 
5.400000 0.001534 1.000000 
5.500000 0.001360 1.000000 
5.600000 0.001207 1.000000 
5.700000 0.001070 1.000000 
5.800000 0.000949 1.000000 
5.900000 0.000842 1.000000 
6.000000 0.000747 1.000000 
6.100000 0.000662 1.000000 
6.200000 0.000587 1.000000 
6.300000 0.000521 1.000000 
6.400000 0.000462 1.000000 
6.500000 0.000410 1.000000 
6.600000 0.000363 1.000000 
6.700000 0.000322 1.000000 
6.800000 0.000286 1.000000 
6.900000 0.000254 1.000000 
7.000000 0.000225 1.000000 
7.100000 0.000199 1.000000 
7.200000 0.000177 1.000000 
7.300000 0.000157 1.000000 
7.400000 0.000139 1.000000 
7.500000 0.000123 1.000000 
7.600000 0.000109 1.000000 
7.700000 0.000097 1.000000 
7.800000 0.000086 1.000000 
7.900000 0.000076 1.000000 
8.000000 0.000068 1.000000 
8.100000 0.000060 1.000000 
8.200000 0.000053 1.000000 
8.300000 0.000047 1.000000 
8.400000 0.000042 1.000000 
8.500000 0.000037 1.000000 
8.600000 0.000033 1.000000 
8.700000 0.000029 1.000000 
8.800000 0.000026 1.000000 
8.900000 0.000023 1.000000 
9.000000 0.000020 1.000000 
9.100000 0.000018 1.000000 
9.200000 0.000016 1.000000 
9.300000 0.000014 1.000000 
9.400000 0.000013 1.000000 
9.500000 0.000011 1.000000 
9.600000 0.000010 1.000000 
9.700000 0.000009 1.000000 
9.800000 0.000008 1.000000 
9.900000 0.000007 1.000000 
10.000000 0.000006 1.000000 
