0.000000 -30.000000 1.000000 
0.100000 -29.441266 1.000000 
0.200000 -28.860257 1.000000 
0.300000 -28.246265 1.000000 
0.400000 -27.587341 1.000000 
0.500000 -26.869913 1.000000 
0.600000 -26.069685 1.000000 
0.700000 -25.158204 1.000000 
0.800000 -24.086257 1.000000 
0.900000 -22.785941 1.000000 
1.000000 -21.113931 1.000000 
1.100000 -18.822102 1.000000 
1.200000 -15.322446 1.000000 
1.300000 -8.912320 1.000000 
1.400000 6.209332 1.000000 
1.500000 29.725247 1.000000 
1.600000 45.333468 1.000000 
1.700000 53.310569 1.000000 
1.800000 56.692226 1.000000 
1.900000 57.480537 1.000000 
2.000000 56.867011 1.000000 
2.100000 55.540716 1.000000 
2.200000 53.985477 1.000000 
2.300000 52.245095 1.000000 
2.400000 50.481698 1.000000 
2.500000 48.814516 1.000000 
2.600000 47.237337 1.000000 
2.700000 45.744626 1.000000 
2.800000 44.367228 1.000000 
2.900000 43.089755 1.000000 
3.000000 41.870934 1.000000 
3.100000 40.726157 1.000000 
3.200000 39.625943 1.000000 
3.300000 38.559912 1.000000 
3.400000 37.548402 1.000000 
3.500000 36.611677 1.000000 
3.600000 35.734622 1.000000 
3.700000 34.885580 1.000000 
3.800000 34.051948 1.000000 
3.900000 33.222069 1.000000 
4.000000 32.401456 1.000000 
4.100000 31.605385 1.000000 
4.200000 30.848412 1.000000 
4.300000 30.144406 1.000000 
4.400000 29.481810 1.000000 
4.500000 28.835891 1.000000 
4.600000 28.185871 1.000000 
4.700000 27.515613 1.000000 
4.800000 26.856057 1.000000 
4.900000 26.219282 1.000000 
5.000000 25.607786 1.000000 
5.100000 25.018771 1.000000 
5.200000 24.442312 1.000000 
5.300000 23.868853 1.000000 
5.400000 23.300119 1.000000 
5.500000 22.745899 1.000000 
5.600000 22.197961 1.000000 
5.700000 21.654293 1.000000 
5.800000 21.128898 1.000000 
5.900000 20.611976 1.000000 
6.000000 20.091373 1.000000 
6.100000 19.561076 1.000000 
6.200000 19.042090 1.000000 
6.300000 18.529077 1.000000 
6.400000 18.012087 1.000000 
6.500000 17.495781 1.000000 
6.600000 16.985580 1.000000 
6.700000 16.471845 1.000000 
6.800000 15.946320 1.000000 
6.900000 15.418019 1.000000 
7.000000 14.884123 1.000000 
7.100000 14.336221 1.000000 
7.200000 13.769799 1.000000 
7.300000 13.185439 1.000000 
7.400000 12.574180 1.000000 
7.500000 11.926628 1.000000 
7.600000 11.231471 1.000000 
7.700000 10.469491 1.000000 
7.800000 9.615138 1.000000 
7.900000 8.621838 1.000000 
8.000000 7.413224 1.000000 
8.100000 5.844389 1.000000 
8.200000 3.611184 1.000000 
8.300000 -0.005344 1.000000 
8.400000 -6.799780 1.000000 
8.500000 -19.124012 1.000000 
8.600000 -33.266749 1.000000 
8.700000 -44.038088 1.000000 
8.800000 -51.257220 1.000000 
8.900000 -55.784838 1.000000 
9.000000 -58.578323 1.000000 
9.100000 -60.274922 1.000000 
9.200000 -61.247485 1.000000 
9.300000 -61.785137 1.000000 
9.400000 -62.011338 1.000000 
9.500000 -62.094939 1.000000 
9.600000 -62.028182 1.000000 
9.700000 -61.838310 1.000000 
9.800000 -61.636925 1.000000 
9.900000 -61.414914 1.000000 
10.000000 -61.155002 1.000000 
10.100000 -60.842384 1.000000 
10.200000 -60.519746 1.000000 
10.300000 -60.205424 1.000000 
10.400000 -59.895495 1.000000 
10.500000 -59.586036 1.000000 
10.600000 -59.281623 1.000000 
10.700000 -58.994791 1.000000 
10.800000 -58.719553 1.000000 
10.900000 -58.449338 1.000000 
11.000000 -58.177571 1.000000 
11.100000 -57.897678 1.000000 
11.200000 -57.603085 1.000000 
11.300000 -57.292688 1.000000 
11.400000 -56.989768 1.000000 
11.500000 -56.696272 1.000000 
11.600000 -56.410372 1.000000 
11.700000 -56.130241 1.000000 
11.800000 -55.854053 1.000000 
11.900000 -55.581201 1.000000 
12.000000 -55.317389 1.000000 
12.100000 -55.061187 1.000000 
12.200000 -54.809696 1.000000 
12.300000 -54.560017 1.000000 
12.400000 -54.309248 1.000000 
12.500000 -54.054491 1.000000 
12.600000 -53.797165 1.000000 
12.700000 -53.547200 1.000000 
12.800000 -53.303510 1.000000 
12.900000 -53.064264 1.000000 
13.000000 -52.827632 1.000000 
13.100000 -52.591785 1.000000 
13.200000 -52.354894 1.000000 
13.300000 -52.121143 1.000000 
13.400000 -51.896450 1.000000 
13.500000 -51.678769 1.000000 
13.600000 -51.466020 1.000000 
13.700000 -51.256122 1.000000 
13.800000 -51.046995 1.000000 
13.900000 -50.836559 1.000000 
14.000000 -50.622732 1.000000 
14.100000 -50.403434 1.000000 
14.200000 -50.183438 1.000000 
14.300000 -49.969829 1.000000 
14.400000 -49.761659 1.000000 
14.500000 -49.557955 1.000000 
14.600000 -49.357744 1.000000 
14.700000 -49.160053 1.000000 
14.800000 -48.963910 1.000000 
14.900000 -48.768344 1.000000 
15.000000 -48.573210 1.000000 
15.100000 -48.384240 1.000000 
15.200000 -48.201683 1.000000 
15.300000 -48.024266 1.000000 
15.400000 -47.850716 1.000000 
15.500000 -47.679760 1.000000 
15.600000 -47.510126 1.000000 
15.700000 -47.340540 1.000000 
15.800000 -47.169730 1.000000 
15.900000 -46.996422 1.000000 
16.000000 -46.819344 1.000000 
16.100000 -46.639090 1.000000 
16.200000 -46.462743 1.000000 
16.300000 -46.290678 1.000000 
16.400000 -46.122367 1.000000 
16.500000 -45.957283 1.000000 
16.600000 -45.794899 1.000000 
16.700000 -45.634686 1.000000 
16.800000 -45.476118 1.000000 
16.900000 -45.318666 1.000000 
17.000000 -45.161804 1.000000 
17.100000 -45.006884 1.000000 
17.200000 -44.857209 1.000000 
17.300000 -44.712120 1.000000 
17.400000 -44.570829 1.000000 
17.500000 -44.432547 1.000000 
17.600000 -44.296488 1.000000 
17.700000 -44.161861 1.000000 
17.800000 -44.027880 1.000000 
17.900000 -43.893756 1.000000 
18.000000 -43.758701 1.000000 
18.100000 -43.621927 1.000000 
18.200000 -43.482646 1.000000 
18.300000 -43.340070 1.000000 
18.400000 -43.196156 1.000000 
18.500000 -43.055478 1.000000 
18.600000 -42.917835 1.000000 
18.700000 -42.782917 1.000000 
18.800000 -42.650416 1.000000 
18.900000 -42.520019 1.000000 
19.000000 -42.391418 1.000000 
19.100000 -42.264301 1.000000 
19.200000 -42.138360 1.000000 
19.300000 -42.013284 1.000000 
19.400000 -41.888762 1.000000 
19.500000 -41.765243 1.000000 
19.600000 -41.645200 1.000000 
19.700000 -41.528454 1.000000 
19.800000 -41.414551 1.000000 
19.900000 -41.303034 1.000000 
20.000000 -41.193448 1.000000 
20.100000 -41.085339 1.000000 
20.200000 -40.978251 1.000000 
20.300000 -40.871728 1.000000 
20.400000 -40.765315 1.000000 
20.500000 -40.658557 1.000000 
20.600000 -40.550998 1.000000 
20.700000 -40.442185 1.000000 
20.800000 -40.331660 1.000000 
20.900000 -40.218968 1.000000 
21.000000 -40.105007 1.000000 
21.100000 -39.993252 1.000000 
21.200000 -39.883709 1.000000 
21.300000 -39.776156 1.000000 
21.400000 -39.670369 1.000000 
21.500000 -39.566127 1.000000 
21.600000 -39.463206 1.000000 
21.700000 -39.361384 1.000000 
21.800000 -39.260439 1.000000 
21.900000 -39.160147 1.000000 
22.000000 -39.060288 1.000000 
22.100000 -38.960637 1.000000 
22.200000 -38.860972 1.000000 
22.300000 -38.761556 1.000000 
22.400000 -38.664239 1.000000 
22.500000 -38.569019 1.000000 
22.600000 -38.475654 1.000000 
22.700000 -38.383901 1.000000 
22.800000 -38.293518 1.000000 
22.900000 -38.204261 1.000000 
23.000000 -38.115889 1.000000 
23.100000 -38.028158 1.000000 
23.200000 -37.940827 1.000000 
23.300000 -37.853652 1.000000 
23.400000 -37.766391 1.000000 
23.500000 -37.678802 1.000000 
23.600000 -37.590641 1.000000 
23.700000 -37.501667 1.000000 
23.800000 -37.411636 1.000000 
23.900000 -37.320345 1.000000 
24.000000 -37.229628 1.000000 
24.100000 -37.140484 1.000000 
24.200000 -37.052758 1.000000 
24.300000 -36.966293 1.000000 
24.400000 -36.880932 1.000000 
24.500000 -36.796519 1.000000 
24.600000 -36.712898 1.000000 
24.700000 -36.629912 1.000000 
24.800000 -36.547404 1.000000 
24.900000 -36.465217 1.000000 
25.000000 -36.383197 1.000000 
25.100000 -36.301185 1.000000 
25.200000 -36.219025 1.000000 
25.300000 -36.136561 1.000000 
25.400000 -36.053636 1.000000 
25.500000 -35.970235 1.000000 
25.600000 -35.887730 1.000000 
25.700000 -35.806407 1.000000 
25.800000 -35.726139 1.000000 
25.900000 -35.646804 1.000000 
26.000000 -35.568274 1.000000 
26.100000 -35.490427 1.000000 
26.200000 -35.413137 1.000000 
26.300000 -35.336279 1.000000 
26.400000 -35.259728 1.000000 
26.500000 -35.183361 1.000000 
26.600000 -35.107050 1.000000 
26.700000 -35.030673 1.000000 
26.800000 -34.954104 1.000000 
26.900000 -34.877218 1.000000 
27.000000 -34.799891 1.000000 
27.100000 -34.721998 1.000000 
27.200000 -34.643413 1.000000 
27.300000 -34.564108 1.000000 
27.400000 -34.485186 1.000000 
27.500000 -34.406926 1.000000 
27.600000 -34.329239 1.000000 
27.700000 -34.252041 1.000000 
27.800000 -34.175244 1.000000 
27.900000 -34.098761 1.000000 
28.000000 -34.022507 1.000000 
28.100000 -33.946394 1.000000 
28.200000 -33.870336 1.000000 
28.300000 -33.794247 1.000000 
28.400000 -33.718039 1.000000 
28.500000 -33.641627 1.000000 
28.600000 -33.564924 1.000000 
28.700000 -33.487843 1.000000 
28.800000 -33.410297 1.000000 
28.900000 -33.332200 1.000000 
29.000000 -33.253466 1.000000 
29.100000 -33.174008 1.000000 
29.200000 -33.093763 1.000000 
29.300000 -33.013254 1.000000 
29.400000 -32.932670 1.000000 
29.500000 -32.851931 1.000000 
29.600000 -32.770960 1.000000 
29.700000 -32.689676 1.000000 
29.800000 -32.608003 1.000000 
29.900000 -32.525861 1.000000 
30.000000 -32.443172 1.000000 
30.100000 -32.359858 1.000000 
30.200000 -32.275839 1.000000 
30.300000 -32.191038 1.000000 
30.400000 -32.105376 1.000000 
30.500000 -32.018774 1.000000 
30.600000 -31.931153 1.000000 
30.700000 -31.842436 1.000000 
30.800000 -31.752544 1.000000 
30.900000 -31.661398 1.000000 
31.000000 -31.568919 1.000000 
31.100000 -31.475030 1.000000 
31.200000 -31.379651 1.000000 
31.300000 -31.282769 1.000000 
31.400000 -31.184316 1.000000 
31.500000 -31.084076 1.000000 
31.600000 -30.981830 1.000000 
31.700000 -30.877362 1.000000 
31.800000 -30.770451 1.000000 
31.900000 -30.660882 1.000000 
32.000000 -30.548436 1.000000 
32.100000 -30.432896 1.000000 
32.200000 -30.314042 1.000000 
32.300000 -30.191658 1.000000 
32.400000 -30.065525 1.000000 
32.500000 -29.935518 1.000000 
32.600000 -29.801169 1.000000 
32.700000 -29.661688 1.000000 
32.800000 -29.516282 1.000000 
32.900000 -29.364160 1.000000 
33.000000 -29.204532 1.000000 
33.100000 -29.036605 1.000000 
33.200000 -28.859589 1.000000 
33.300000 -28.672696 1.000000 
33.400000 -28.475193 1.000000 
33.500000 -28.264947 1.000000 
33.600000 -28.039263 1.000000 
33.700000 -27.795446 1.000000 
33.800000 -27.530801 1.000000 
33.900000 -27.242878 1.000000 
34.000000 -26.927786 1.000000 
34.100000 -26.577626 1.000000 
34.200000 -26.184212 1.000000 
34.300000 -25.739690 1.000000 
34.400000 -25.230802 1.000000 
34.500000 -24.634849 1.000000 
34.600000 -23.928120 1.000000 
34.700000 -23.064704 1.000000 
34.800000 -21.979701 1.000000 
34.900000 -20.552539 1.000000 
35.000000 -18.559805 1.000000 
35.100000 -15.501867 1.000000 
35.200000 -10.003837 1.000000 
35.300000 2.637078 1.000000 
35.400000 25.470502 1.000000 
35.500000 42.341749 1.000000 
35.600000 51.175843 1.000000 
35.700000 55.073669 1.000000 
35.800000 56.191077 1.000000 
35.900000 55.808956 1.000000 
36.000000 54.650526 1.000000 
36.100000 53.163233 1.000000 
36.200000 51.517751 1.000000 
36.300000 49.929107 1.000000 
36.400000 48.331420 1.000000 
36.500000 46.741420 1.000000 
36.600000 45.257682 1.000000 
36.700000 43.917850 1.000000 
36.800000 42.656153 1.000000 
36.900000 41.457838 1.000000 
37.000000 40.337651 1.000000 
37.100000 39.258926 1.000000 
37.200000 38.219152 1.000000 
37.300000 37.233853 1.000000 
37.400000 36.314749 1.000000 
37.500000 35.435880 1.000000 
37.600000 34.584100 1.000000 
37.700000 33.753169 1.000000 
37.800000 32.937147 1.000000 
37.900000 32.137357 1.000000 
38.000000 31.362004 1.000000 
38.100000 30.619494 1.000000 
38.200000 29.917477 1.000000 
38.300000 29.248669 1.000000 
38.400000 28.597132 1.000000 
38.500000 27.947654 1.000000 
38.600000 27.287431 1.000000 
38.700000 26.637864 1.000000 
38.800000 26.008229 1.000000 
38.900000 25.399000 1.000000 
39.000000 24.809803 1.000000 
39.100000 24.234474 1.000000 
39.200000 23.664950 1.000000 
39.300000 23.101461 1.000000 
39.400000 22.549929 1.000000 
39.500000 22.002826 1.000000 
39.600000 21.469136 1.000000 
39.700000 20.951575 1.000000 
39.800000 20.437234 1.000000 
39.900000 19.913198 1.000000 
40.000000 19.382894 1.000000 
40.100000 18.864977 1.000000 
40.200000 18.350328 1.000000 
40.300000 17.831083 1.000000 
40.400000 17.318378 1.000000 
40.500000 16.808316 1.000000 
40.600000 16.291196 1.000000 
40.700000 15.763221 1.000000 
40.800000 15.233824 1.000000 
40.900000 14.695924 1.000000 
41.000000 14.141188 1.000000 
41.100000 13.569305 1.000000 
41.200000 12.976654 1.000000 
41.300000 12.353834 1.000000 
41.400000 11.691404 1.000000 
41.500000 10.975395 1.000000 
41.600000 10.185132 1.000000 
41.700000 9.288511 1.000000 
41.800000 8.231959 1.000000 
41.900000 6.919879 1.000000 
42.000000 5.167324 1.000000 
42.100000 2.570776 1.000000 
42.200000 -1.864274 1.000000 
42.300000 -10.442149 1.000000 
42.400000 -24.221461 1.000000 
42.500000 -37.469133 1.000000 
42.600000 -46.896268 1.000000 
42.700000 -53.087668 1.000000 
42.800000 -56.923021 1.000000 
42.900000 -59.268716 1.000000 
43.000000 -60.673585 1.000000 
43.100000 -61.479507 1.000000 
43.200000 -61.884398 1.000000 
43.300000 -62.056325 1.000000 
43.400000 -62.089910 1.000000 
43.500000 -61.967879 1.000000 
43.600000 -61.769497 1.000000 
43.700000 -61.561888 1.000000 
43.800000 -61.327988 1.000000 
43.900000 -61.050732 1.000000 
44.000000 -60.727702 1.000000 
44.100000 -60.409005 1.000000 
44.200000 -60.097169 1.000000 
44.300000 -59.788216 1.000000 
44.400000 -59.478380 1.000000 
44.500000 -59.179967 1.000000 
44.600000 -58.897374 1.000000 
44.700000 -58.624083 1.000000 
44.800000 -58.353577 1.000000 
44.900000 -58.079339 1.000000 
45.000000 -57.794852 1.000000 
45.100000 -57.493600 1.000000 
45.200000 -57.184469 1.000000 
45.300000 -56.885748 1.000000 
45.400000 -56.595724 1.000000 
45.500000 -56.312523 1.000000 
45.600000 -56.034271 1.000000 
45.700000 -55.759092 1.000000 
45.800000 -55.488829 1.000000 
45.900000 -55.227978 1.000000 
46.000000 -54.973793 1.000000 
46.100000 -54.723363 1.000000 
46.200000 -54.473777 1.000000 
46.300000 -54.222123 1.000000 
46.400000 -53.965494 1.000000 
46.500000 -53.710114 1.000000 
46.600000 -53.462305 1.000000 
46.700000 -53.220236 1.000000 
46.800000 -52.982079 1.000000 
46.900000 -52.746006 1.000000 
47.000000 -52.510188 1.000000 
47.100000 -52.273099 1.000000 
47.200000 -52.042161 1.000000 
47.300000 -51.819713 1.000000 
47.400000 -51.603687 1.000000 
47.500000 -51.392010 1.000000 
47.600000 -51.182615 1.000000 
47.700000 -50.973430 1.000000 
47.800000 -50.762385 1.000000 
47.900000 -50.547410 1.000000 
48.000000 -50.326812 1.000000 
48.100000 -50.108911 1.000000 
48.200000 -49.897147 1.000000 
48.300000 -49.690544 1.000000 
48.400000 -49.488130 1.000000 
48.500000 -49.288928 1.000000 
48.600000 -49.091967 1.000000 
48.700000 -48.896270 1.000000 
48.800000 -48.700865 1.000000 
48.900000 -48.506954 1.000000 
49.000000 -48.319925 1.000000 
49.100000 -48.138949 1.000000 
49.200000 -47.962760 1.000000 
49.300000 -47.790093 1.000000 
49.400000 -47.619680 1.000000 
49.500000 -47.450257 1.000000 
49.600000 -47.280556 1.000000 
49.700000 -47.109312 1.000000 
49.800000 -46.935259 1.000000 
49.900000 -46.757129 1.000000 
50.000000 -46.577668 1.000000 
50.100000 -46.402764 1.000000 
50.200000 -46.231994 1.000000 
50.300000 -46.064828 1.000000 
50.400000 -45.900737 1.000000 
50.500000 -45.739189 1.000000 
50.600000 -45.579657 1.000000 
50.700000 -45.421611 1.000000 
50.800000 -45.264521 1.000000 
50.900000 -45.107865 1.000000 
51.000000 -44.954372 1.000000 
51.100000 -44.806026 1.000000 
51.200000 -44.662044 1.000000 
51.300000 -44.521641 1.000000 
51.400000 -44.384035 1.000000 
51.500000 -44.248443 1.000000 
51.600000 -44.114081 1.000000 
51.700000 -43.980165 1.000000 
51.800000 -43.845913 1.000000 
51.900000 -43.710540 1.000000 
52.000000 -43.573264 1.000000 
52.100000 -43.433302 1.000000 
52.200000 -43.289913 1.000000 
52.300000 -43.147039 1.000000 
52.400000 -43.007423 1.000000 
52.500000 -42.870754 1.000000 
52.600000 -42.736718 1.000000 
52.700000 -42.605004 1.000000 
52.800000 -42.475301 1.000000 
52.900000 -42.347296 1.000000 
53.000000 -42.220677 1.000000 
53.100000 -42.095133 1.000000 
53.200000 -41.970351 1.000000 
53.300000 -41.846021 1.000000 
53.400000 -41.723325 1.000000 
53.500000 -41.604231 1.000000 
53.600000 -41.488312 1.000000 
53.700000 -41.375116 1.000000 
53.800000 -41.264188 1.000000 
53.900000 -41.155075 1.000000 
54.000000 -41.047323 1.000000 
54.100000 -40.940478 1.000000 
54.200000 -40.834087 1.000000 
54.300000 -40.727696 1.000000 
54.400000 -40.620850 1.000000 
54.500000 -40.513097 1.000000 
54.600000 -40.403982 1.000000 
54.700000 -40.293052 1.000000 
54.800000 -40.179853 1.000000 
54.900000 -40.066407 1.000000 
55.000000 -39.955333 1.000000 
55.100000 -39.846412 1.000000 
55.200000 -39.739422 1.000000 
55.300000 -39.634141 1.000000 
55.400000 -39.530346 1.000000 
55.500000 -39.427814 1.000000 
55.600000 -39.326324 1.000000 
55.700000 -39.225652 1.000000 
55.800000 -39.125575 1.000000 
55.900000 -39.025872 1.000000 
56.000000 -38.926320 1.000000 
56.100000 -38.826696 1.000000 
56.200000 -38.727729 1.000000 
56.300000 -38.630995 1.000000 
56.400000 -38.536296 1.000000 
56.500000 -38.443391 1.000000 
56.600000 -38.352037 1.000000 
56.700000 -38.261993 1.000000 
56.800000 -38.173016 1.000000 
56.900000 -38.084865 1.000000 
57.000000 -37.997298 1.000000 
57.100000 -37.910073 1.000000 
57.200000 -37.822948 1.000000 
57.300000 -37.735681 1.000000 
57.400000 -37.648031 1.000000 
57.500000 -37.559755 1.000000 
57.600000 -37.470611 1.000000 
57.700000 -37.380359 1.000000 
57.800000 -37.289005 1.000000 
57.900000 -37.198743 1.000000 
58.000000 -37.110015 1.000000 
58.100000 -37.022664 1.000000 
58.200000 -36.936536 1.000000 
58.300000 -36.851473 1.000000 
58.400000 -36.767319 1.000000 
58.500000 -36.683918 1.000000 
58.600000 -36.601113 1.000000 
58.700000 -36.518748 1.000000 
58.800000 -36.436667 1.000000 
58.900000 -36.354714 1.000000 
59.000000 -36.272731 1.000000 
59.100000 -36.190564 1.000000 
59.200000 -36.108055 1.000000 
59.300000 -36.025049 1.000000 
59.400000 -35.941752 1.000000 
59.500000 -35.859559 1.000000 
59.600000 -35.778516 1.000000 
59.700000 -35.698499 1.000000 
59.800000 -35.619382 1.000000 
59.900000 -35.541042 1.000000 
60.000000 -35.463353 1.000000 
60.100000 -35.386192 1.000000 
60.200000 -35.309434 1.000000 
60.300000 -35.232955 1.000000 
60.400000 -35.156629 1.000000 
60.500000 -35.080332 1.000000 
60.600000 -35.003941 1.000000 
60.700000 -34.927330 1.000000 
60.800000 -34.850375 1.000000 
60.900000 -34.772951 1.000000 
61.000000 -34.694934 1.000000 
61.100000 -34.616199 1.000000 
61.200000 -34.536881 1.000000 
61.300000 -34.458122 1.000000 
61.400000 -34.380002 1.000000 
61.500000 -34.302433 1.000000 
61.600000 -34.225329 1.000000 
61.700000 -34.148604 1.000000 
61.800000 -34.072171 1.000000 
61.900000 -33.995944 1.000000 
62.000000 -33.919838 1.000000 
62.100000 -33.843765 1.000000 
62.200000 -33.767638 1.000000 
62.300000 -33.691373 1.000000 
62.400000 -33.614882 1.000000 
62.500000 -33.538079 1.000000 
62.600000 -33.460878 1.000000 
62.700000 -33.383192 1.000000 
62.800000 -33.304935 1.000000 
62.900000 -33.226020 1.000000 
63.000000 -33.146363 1.000000 
63.100000 -33.065961 1.000000 
63.200000 -32.985399 1.000000 
63.300000 -32.904739 1.000000 
63.400000 -32.823901 1.000000 
63.500000 -32.742806 1.000000 
63.600000 -32.661377 1.000000 
63.700000 -32.579533 1.000000 
63.800000 -32.497197 1.000000 
63.900000 -32.414289 1.000000 
64.000000 -32.330731 1.000000 
64.100000 -32.246443 1.000000 
64.200000 -32.161348 1.000000 
64.300000 -32.075365 1.000000 
64.400000 -31.988418 1.000000 
64.500000 -31.900426 1.000000 
64.600000 -31.811310 1.000000 
64.700000 -31.720993 1.000000 
64.800000 -31.629395 1.000000 
64.900000 -31.536437 1.000000 
65.000000 -31.442041 1.000000 
65.100000 -31.346128 1.000000 
65.200000 -31.248705 1.000000 
65.300000 -31.149649 1.000000 
65.400000 -31.048739 1.000000 
65.500000 -30.945755 1.000000 
65.600000 -30.840478 1.000000 
65.700000 -30.732685 1.000000 
65.800000 -30.622158 1.000000 
65.900000 -30.508676 1.000000 
66.000000 -30.392018 1.000000 
66.100000 -30.271964 1.000000 
66.200000 -30.148294 1.000000 
66.300000 -30.020795 1.000000 
66.400000 -29.889341 1.000000 
66.500000 -29.753297 1.000000 
66.600000 -29.611865 1.000000 
66.700000 -29.464243 1.000000 
66.800000 -29.309634 1.000000 
66.900000 -29.147238 1.000000 
67.000000 -28.976255 1.000000 
67.100000 -28.795885 1.000000 
67.200000 -28.605373 1.000000 
67.300000 -28.403722 1.000000 
67.400000 -28.188436 1.000000 
67.500000 -27.956796 1.000000 
67.600000 -27.706079 1.000000 
67.700000 -27.433563 1.000000 
67.800000 -27.136886 1.000000 
67.900000 -26.810568 1.000000 
68.000000 -26.446366 1.000000 
68.100000 -26.036022 1.000000 
68.200000 -25.571370 1.000000 
68.300000 -25.034941 1.000000 
68.400000 -24.403436 1.000000 
68.500000 -23.649190 1.000000 
68.600000 -22.717280 1.000000 
68.700000 -21.530738 1.000000 
68.800000 -19.941804 1.000000 
68.900000 -17.659137 1.000000 
69.000000 -13.995386 1.000000 
69.100000 -6.862887 1.000000 
69.200000 10.133473 1.000000 
69.300000 32.424130 1.000000 
69.400000 46.150342 1.000000 
69.500000 52.951359 1.000000 
69.600000 55.696944 1.000000 
69.700000 56.174905 1.000000 
69.800000 55.455914 1.000000 
69.900000 54.170063 1.000000 
70.000000 52.585698 1.000000 
70.100000 50.955689 1.000000 
70.200000 49.367990 1.000000 
70.300000 47.765498 1.000000 
70.400000 46.209158 1.000000 
70.500000 44.769084 1.000000 
70.600000 43.469438 1.000000 
70.700000 42.233657 1.000000 
70.800000 41.062765 1.000000 
70.900000 39.960897 1.000000 
71.000000 38.889701 1.000000 
71.100000 37.860166 1.000000 
71.200000 36.890363 1.000000 
71.300000 35.992511 1.000000 
71.400000 35.135482 1.000000 
71.500000 34.302047 1.000000 
71.600000 33.480602 1.000000 
71.700000 32.662454 1.000000 
71.800000 31.857273 1.000000 
71.900000 31.079401 1.000000 
72.000000 30.342946 1.000000 
72.100000 29.659827 1.000000 
72.200000 29.013276 1.000000 
72.300000 28.379191 1.000000 
72.400000 27.735785 1.000000 
72.500000 27.071024 1.000000 
72.600000 26.421473 1.000000 
72.700000 25.795225 1.000000 
72.800000 25.194282 1.000000 
72.900000 24.614259 1.000000 
73.000000 24.045087 1.000000 
73.100000 23.476754 1.000000 
73.200000 22.914145 1.000000 
73.300000 22.365951 1.000000 
73.400000 21.823305 1.000000 
73.500000 21.283084 1.000000 
73.600000 20.759998 1.000000 
73.700000 20.245174 1.000000 
73.800000 19.726815 1.000000 
73.900000 19.199866 1.000000 
74.000000 18.683870 1.000000 
74.100000 18.172533 1.000000 
74.200000 17.655872 1.000000 
74.300000 17.139093 1.000000 
74.400000 16.626873 1.000000 
74.500000 16.109827 1.000000 
74.600000 15.580281 1.000000 
74.700000 15.046463 1.000000 
74.800000 14.504489 1.000000 
74.900000 13.946064 1.000000 
75.000000 13.366493 1.000000 
75.100000 12.763948 1.000000 
75.200000 12.128236 1.000000 
75.300000 11.448866 1.000000 
75.400000 10.710445 1.000000 
75.500000 9.887687 1.000000 
75.600000 8.943275 1.000000 
75.700000 7.812080 1.000000 
75.800000 6.375334 1.000000 
75.900000 4.394127 1.000000 
76.000000 1.322905 1.000000 
76.100000 -4.211452 1.000000 
76.200000 -14.815736 1.000000 
76.300000 -29.185138 1.000000 
76.400000 -41.171276 1.000000 
76.500000 -49.405037 1.000000 
76.600000 -54.642624 1.000000 
76.700000 -57.918579 1.000000 
76.800000 -59.880056 1.000000 
76.900000 -61.026258 1.000000 
77.000000 -61.678973 1.000000 
77.100000 -61.972587 1.000000 
77.200000 -62.088204 1.000000 
77.300000 -62.083645 1.000000 
77.400000 -61.935948 1.000000 
77.500000 -61.701749 1.000000 
77.600000 -61.458841 1.000000 
77.700000 -61.196120 1.000000 
77.800000 -60.902340 1.000000 
77.900000 -60.591406 1.000000 
78.000000 -60.290432 1.000000 
78.100000 -59.993793 1.000000 
78.200000 -59.695643 1.000000 
78.300000 -59.390133 1.000000 
78.400000 -59.081093 1.000000 
78.500000 -58.784775 1.000000 
78.600000 -58.497212 1.000000 
78.700000 -58.213660 1.000000 
78.800000 -57.929372 1.000000 
78.900000 -57.639601 1.000000 
79.000000 -57.342133 1.000000 
79.100000 -57.053144 1.000000 
79.200000 -56.773771 1.000000 
79.300000 -56.500778 1.000000 
79.400000 -56.230929 1.000000 
79.500000 -55.960989 1.000000 
79.600000 -55.687724 1.000000 
79.700000 -55.411471 1.000000 
79.800000 -55.140847 1.000000 
79.900000 -54.875167 1.000000 
80.000000 -54.613002 1.000000 
