0 -4.6 1
0.1 -4.56879558419356 1
0.2 -4.54036126248801 1
0.3 -4.51408410814964 1
0.4 -4.48948740294203 1
0.5 -4.46620044798348 1
0.6 -4.44393506246839 1
0.7 -4.42246728810473 1
0.8 -4.40162314591333 1
0.9 -4.38126754776462 1
1 -4.36129566397606 1
1.1 -4.34162620309706 1
1.2 -4.32219618048078 1
1.3 -4.3029568460098 1
1.4 -4.28387051433213 1
1.5 -4.26490809778468 1
1.6 -4.2460471864173 1
1.7 -4.22727055397212 1
1.8 -4.20856499548801 1
1.9 -4.18992042308059 1
2 -4.17132916270542 1
2.1 -4.15278540737222 1
2.2 -4.1342847921354 1
2.3 -4.11582406386254 1
2.4 -4.09740082475966 1
2.5 -4.07901333328699 1
2.6 -4.06066034972299 1
2.7 -4.04234101645704 1
2.8 -4.02405476528882 1
2.9 -4.00580124572348 1
3 -3.9875802695845 1
3.1 -3.96939176830317 1
3.2 -3.95123576005189 1
3.3 -3.933112324517 1
3.4 -3.91502158359661 1
3.5 -3.89696368669007 1
3.6 -3.87893879954238 1
3.7 -3.86094709583763 1
3.8 -3.84298875091546 1
3.9 -3.82506393712425 1
4 -3.80717282043356 1
4.1 -3.78931555801292 1
4.2 -3.77149229655008 1
4.3 -3.75370317113272 1
4.4 -3.7359483045576 1
4.5 -3.71822780696197 1
4.6 -3.70054177569613 1
4.7 -3.68289029537448 1
4.8 -3.66527343805706 1
4.9 -3.6476912635248 1
5 -3.63014381962009 1
5.1 -3.61263114263142 1
5.2 -3.59515325770571 1
5.3 -3.57771017927618 1
5.4 -3.56030191149646 1
5.5 -3.54292844867436 1
5.6 -3.52558977570023 1
5.7 -3.50828586846633 1
5.8 -3.49101669427494 1
5.9 -3.47378221223327 1
6 -3.45658237363436 1
6.1 -3.43941712232319 1
6.2 -3.4222863950479 1
6.3 -3.405190121796 1
6.4 -3.38812822611587 1
6.5 -3.37110062542376 1
6.6 -3.35410723129676 1
6.7 -3.33714794975224 1
6.8 -3.32022268151414 1
6.9 -3.30333132226676 1
7 -3.28647376289657 1
7.1 -3.26964988972246 1
7.2 -3.2528595847151 1
7.3 -3.23610272570581 1
7.4 -3.21937918658546 1
7.5 -3.20268883749395 1
7.6 -3.18603154500063 1
7.7 -3.16940717227606 1
7.8 -3.15281557925573 1
7.9 -3.13625662279589 1
8 -3.11973015682201 1
8.1 -3.10323603247023 1
8.2 -3.08677409822202 1
8.3 -3.07034420003254 1
8.4 -3.05394618145288 1
8.5 -3.03757988374648 1
8.6 -3.0212451460001 1
8.7 -3.00494180522947 1
8.8 -2.98866969647998 1
8.9 -2.97242865292254 1
9 -2.95621850594495 1
9.1 -2.94003908523887 1
9.2 -2.92389021888269 1
9.3 -2.90777173342042 1
9.4 -2.89168345393681 1
9.5 -2.8756252041289 1
9.6 -2.85959680637409 1
9.7 -2.84359808179495 1
9.8 -2.82762885032089 1
9.9 -2.81168893074687 1
10 -2.79577814078916 1
10.1 -2.77989629713848 1
10.2 -2.76404321551043 1
10.3 -2.74821871069348 1
10.4 -2.73242259659452 1
10.5 -2.71665468628222 1
10.6 -2.70091479202807 1
10.7 -2.68520272534546 1
10.8 -2.66951829702664 1
10.9 -2.65386131717791 1
11 -2.63823159525281 1
11.1 -2.62262894008369 1
11.2 -2.60705315991156 1
11.3 -2.59150406241429 1
11.4 -2.57598145473332 1
11.5 -2.56048514349889 1
11.6 -2.54501493485385 1
11.7 -2.52957063447608 1
11.8 -2.51415204759967 1
11.9 -2.49875897903483 1
12 -2.48339123318659 1
12.1 -2.46804861407239 1
12.2 -2.45273092533851 1
12.3 -2.43743797027556 1
12.4 -2.42216955183283 1
12.5 -2.40692547263174 1
12.6 -2.39170553497835 1
12.7 -2.37650954087501 1
12.8 -2.36133729203102 1
12.9 -2.34618858987266 1
13 -2.33106323555223 1
13.1 -2.31596102995649 1
13.2 -2.30088177371426 1
13.3 -2.28582526720334 1
13.4 -2.27079131055676 1
13.5 -2.25577970366842 1
13.6 -2.24079024619796 1
13.7 -2.22582273757523 1
13.8 -2.21087697700395 1
13.9 -2.195952763465 1
14 -2.18104989571904 1
14.1 -2.16616817230864 1
14.2 -2.15130739155994 1
14.3 -2.13646735158376 1
14.4 -2.1216478502763 1
14.5 -2.1068486853193 1
14.6 -2.09206965417984 1
14.7 -2.07731055410966 1
14.8 -2.0625711821441 1
14.9 -2.04785133510058 1
15 -2.03315080957675 1
15.1 -2.01846940194824 1
15.2 -2.00380690836605 1
15.3 -1.98916312475353 1
15.4 -1.97453784680308 1
15.5 -1.95993086997251 1
15.6 -1.945341989481 1
15.7 -1.9307710003048 1
15.8 -1.91621769717261 1
15.9 -1.90168187456065 1
16 -1.8871633266874 1
16.1 -1.8726618475081 1
16.2 -1.85817723070889 1
16.3 -1.8437092697008 1
16.4 -1.8292577576133 1
16.5 -1.81482248728771 1
16.6 -1.80040325127025 1
16.7 -1.78599984180494 1
16.8 -1.77161205082614 1
16.9 -1.75723966995087 1
17 -1.7428824904709 1
17.1 -1.72854030334461 1
17.2 -1.71421289918851 1
17.3 -1.69990006826869 1
17.4 -1.68560160049181 1
17.5 -1.6713172853961 1
17.6 -1.6570469121419 1
17.7 -1.64279026950215 1
17.8 -1.62854714585252 1
17.9 -1.61431732916139 1
18 -1.60010060697955 1
18.1 -1.58589676642974 1
18.2 -1.57170559419587 1
18.3 -1.55752687651212 1
18.4 -1.5433603991517 1
18.5 -1.52920594741552 1
18.6 -1.5150633061205 1
18.7 -1.50093225958773 1
18.8 -1.48681259163039 1
18.9 -1.47270408554148 1
19 -1.45860652408121 1
19.1 -1.44451968946431 1
19.2 -1.43044336334699 1
19.3 -1.41637732681371 1
19.4 -1.40232136036379 1
19.5 -1.38827524389764 1
19.6 -1.37423875670286 1
19.7 -1.36021167744013 1
19.8 -1.34619378412871 1
19.9 -1.33218485413188 1
20 -1.31818466414202 1
20.1 -1.30419299016545 1
20.2 -1.2902096075071 1
20.3 -1.27623429075483 1
20.4 -1.26226681376354 1
20.5 -1.24830694963906 1
20.6 -1.23435447072169 1
20.7 -1.22040914856955 1
20.8 -1.20647075394165 1
20.9 -1.19253905678064 1
21 -1.17861382619533 1
21.1 -1.16469483044293 1
21.2 -1.150781836911 1
21.3 -1.13687461209909 1
21.4 -1.12297292160008 1
21.5 -1.10907653008131 1
21.6 -1.09518520126528 1
21.7 -1.08129869791015 1
21.8 -1.06741678178987 1
21.9 -1.053539213674 1
22 -1.03966575330721 1
22.1 -1.02579615938848 1
22.2 -1.01193018954993 1
22.3 -0.99806760033531 1
22.4 -0.984208147178179 1
22.5 -0.970351584379683 1
22.6 -0.956497665086018 1
22.7 -0.942646141265499 1
22.8 -0.928796763685269 1
22.9 -0.914949281887629 1
23 -0.90110344416597 1
23.1 -0.887258997540326 1
23.2 -0.873415687732516 1
23.3 -0.859573259140875 1
23.4 -0.845731454814575 1
23.5 -0.831890016427514 1
23.6 -0.818048684251772 1
23.7 -0.804207197130624 1
23.8 -0.790365292451099 1
23.9 -0.776522706116083 1
24 -0.762679172515943 1
24.1 -0.74883442449968 1
24.2 -0.734988193345579 1
24.3 -0.721140208731372 1
24.4 -0.70729019870388 1
24.5 -0.693437889648137 1
24.6 -0.679583006255976 1
24.7 -0.665725271494081 1
24.8 -0.651864406571469 1
24.9 -0.638000130906416 1
25 -0.624132162092792 1
25.1 -0.610260215865814 1
25.2 -0.596384006067181 1
25.3 -0.582503244609599 1
25.4 -0.568617641440669 1
25.5 -0.554726904506127 1
25.6 -0.540830739712423 1
25.7 -0.526928850888626 1
25.8 -0.513020939747636 1
25.9 -0.499106705846686 1
26 -0.485185846547125 1
26.1 -0.47125805697346 1
26.2 -0.457323029971639 1
26.3 -0.443380456066564 1
26.4 -0.42943002341881 1
26.5 -0.415471417780535 1
26.6 -0.401504322450556 1
26.7 -0.387528418228587 1
26.8 -0.373543383368598 1
26.9 -0.359548893531293 1
27 -0.345544621735672 1
27.1 -0.331530238309668 1
27.2 -0.317505410839827 1
27.3 -0.303469804120011 1
27.4 -0.289423080099105 1
27.5 -0.275364897827693 1
27.6 -0.261294913403696 1
27.7 -0.247212779916925 1
27.8 -0.233118147392542 1
27.9 -0.219010662733384 1
28 -0.204889969661145 1
28.1 -0.190755708656362 1
28.2 -0.176607516897194 1
28.3 -0.162445028196955 1
28.4 -0.148267872940375 1
28.5 -0.134075678018552 1
28.6 -0.119868066762567 1
28.7 -0.105644658875719 1
28.8 -0.0914050703643624 1
28.9 -0.0771489134672875 1
29 -0.0628757965836289 1
29.1 -0.0485853241992491 1
29.2 -0.0342770968115639 1
29.3 -0.0199507108527686 1
29.4 -0.00560575861142175 1
29.5 0.0087581718476549 1
29.6 0.023141496765206 1
29.7 0.0375446367711466 1
29.8 0.0519680169699881 1
29.9 0.0664120670281348 1
30 0.0808772212631005 1
30.1 0.0953639187346982 1
30.2 0.109872603338254 1
30.3 0.124403723899904 1
30.4 0.138957734274025 1
30.5 0.153535093442862 1
30.6 0.168136265618418 1
30.7 0.18276172034665 1
30.8 0.197411932614059 1
30.9 0.212087382956724 1
31 0.226788557571857 1
31.1 0.241515948431941 1
31.2 0.256270053401539 1
31.3 0.271051376356829 1
31.4 0.285860427307965 1
31.5 0.300697722524332 1
31.6 0.315563784662772 1
31.7 0.330459142898887 1
31.8 0.345384333061493 1
31.9 0.360339897770319 1
32 0.375326386577046 1
32.1 0.390344356109798 1
32.2 0.40539437022116 1
32.3 0.420477000139858 1
32.4 0.435592824626186 1
32.5 0.450742430131311 1
32.6 0.465926410960557 1
32.7 0.481145369440803 1
32.8 0.496399916092114 1
32.9 0.511690669803728 1
33 0.527018258014551 1
33.1 0.542383316898278 1
33.2 0.557786491553301 1
33.3 0.573228436197546 1
33.4 0.588709814368391 1
33.5 0.604231299127839 1
33.6 0.61979357327309 1
33.7 0.635397329552712 1
33.8 0.651043270888564 1
33.9 0.666732110603676 1
34 0.682464572656269 1
34.1 0.698241391880122 1
34.2 0.714063314231482 1
34.3 0.729931097042751 1
34.4 0.745845509283151 1
34.5 0.761807331826626 1
34.6 0.777817357727199 1
34.7 0.79387639250205 1
34.8 0.809985254422572 1
34.9 0.826144774813671 1
35 0.842355798361607 1
35.1 0.85861918343065 1
35.2 0.874935802388872 1
35.3 0.891306541943389 1
35.4 0.907732303485373 1
35.5 0.924214003445197 1
35.6 0.940752573658058 1
35.7 0.957348961740452 1
35.8 0.974004131477897 1
35.9 0.990719063224301 1
36 1.0074947543134 1
36.1 1.02433221948272 1
36.2 1.04123249131049 1
36.3 1.058196620666 1
36.4 1.07522567717395 1
36.5 1.09232074969319 1
36.6 1.10948294681056 1
36.7 1.12671339735025 1
36.8 1.14401325089935 1
36.9 1.16138367835016 1
37 1.17882587246004 1
37.1 1.19634104842924 1
37.2 1.21393044449761 1
37.3 1.23159532256093 1
37.4 1.24933696880747 1
37.5 1.26715669437573 1
37.6 1.28505583603421 1
37.7 1.30303575688398 1
37.8 1.32109784708513 1
37.9 1.3392435246079 1
38 1.35747423600968 1
38.1 1.37579145723887 1
38.2 1.39419669446662 1
38.3 1.41269148494787 1
38.4 1.43127739791262 1
38.5 1.44995603548902 1
38.6 1.46872903365936 1
38.7 1.48759806325062 1
38.8 1.50656483096092 1
38.9 1.52563108042352 1
39 1.54479859330998 1
39.1 1.56406919047426 1
39.2 1.58344473313957 1
39.3 1.60292712412989 1
39.4 1.62251830914819 1
39.5 1.64222027810348 1
39.6 1.662035066489 1
39.7 1.68196475681381 1
39.8 1.70201148009034 1
39.9 1.72217741738062 1
40 1.74246480140376 1
40.1 1.76287591820791 1
40.2 1.78341310890948 1
40.3 1.80407877150316 1
40.4 1.82487536274613 1
40.5 1.84580540012 1
40.6 1.86687146387455 1
40.7 1.8880761991573 1
40.8 1.90942231823312 1
40.9 1.93091260279878 1
41 1.95254990639702 1
41.1 1.97433715693549 1
41.2 1.99627735931605 1
41.3 2.01837359818012 1
41.4 2.04062904077652 1
41.5 2.06304693995803 1
41.6 2.08563063731411 1
41.7 2.10838356644673 1
41.8 2.13130925639765 1
41.9 2.15441133523535 1
42 2.17769353381064 1
42.1 2.20115968969053 1
42.2 2.22481375128064 1
42.3 2.248659782147 1
42.4 2.27270196554883 1
42.5 2.29694460919486 1
42.6 2.32139215023648 1
42.7 2.34604916051188 1
42.8 2.37092035205649 1
42.9 2.3960105828961 1
43 2.42132486314008 1
43.1 2.44686836139353 1
43.2 2.47264641150864 1
43.3 2.49866451969673 1
43.4 2.5249283720245 1
43.5 2.55144384231945 1
43.6 2.57821700051141 1
43.7 2.60525412143954 1
43.8 2.63256169415591 1
43.9 2.66014643175969 1
44 2.68801528179859 1
44.1 2.716175437277 1
44.2 2.74463434831379 1
44.3 2.77339973449611 1
44.4 2.80247959797948 1
44.5 2.83188223738876 1
44.6 2.86161626257931 1
44.7 2.89169061032275 1
44.8 2.92211456098748 1
44.9 2.95289775629038 1
45 2.98405021820305 1
45.1 3.01558236910356 1
45.2 3.04750505327307 1
45.3 3.07982955984631 1
45.4 3.11256764733489 1
45.5 3.14573156985426 1
45.6 3.17933410519795 1
45.7 3.21338858491666 1
45.8 3.24790892657611 1
45.9 3.28290966838513 1
46 3.31840600640522 1
46.1 3.35441383457542 1
46.2 3.3909497878109 1
46.3 3.42803128846216 1
46.4 3.4656765964529 1
46.5 3.50390486345082 1
46.6 3.54273619146517 1
46.7 3.58219169631118 1
46.8 3.62229357643259 1
46.9 3.66306518763264 1
47 3.70453112433048 1
47.1 3.74671730803646 1
47.2 3.78965108382688 1
47.3 3.8333613256989 1
47.4 3.87787855180108 1
47.5 3.92323505066743 1
47.6 3.96946501973546 1
47.7 4.01660471760571 1
47.8 4.06469263170497 1
47.9 4.1137696632547 1
48 4.16387933172437 1
48.1 4.21506800127573 1
48.2 4.2673851320872 1
48.3 4.32088355989871 1
48.4 4.3756198076506 1
48.5 4.43165443372321 1
48.6 4.48905242203687 1
48.7 4.54788362017239 1
48.8 4.6082232327526 1
48.9 4.67015237862696 1
49 4.73375872197697 1
49.1 4.79913718937504 1
49.2 4.86639078716967 1
49.3 4.93563153644242 1
49.4 5.00698154632815 1
49.5 5.08057425089196 1
49.6 5.15655584025168 1
49.7 5.23508692353985 1
49.8 5.31634447003127 1
49.9 5.40052408588297 1
50 5.48784269820043 1
50.1 5.57854173659263 1
50.2 5.67289092643346 1
50.3 5.77119283969487 1
50.4 5.87378839125234 1
50.5 5.98106352496994 1
50.6 6.09345741040122 1
50.7 6.21147257600945 1
50.8 6.33568755091759 1
50.9 6.46677279321893 1
51 6.60551097780518 1
51.1 6.75282314589654 1
51.2 6.90980285456421 1
51.3 7.07776142623626 1
51.4 7.25828888464096 1
51.5 7.45333751851144 1
51.6 7.66533884947709 1
51.7 7.89737122430468 1
51.8 8.15340647014553 1
51.9 8.43868439770364 1
52 8.76030263511911 1
52.1 9.12818712242674 1
52.2 9.556776086154 1
52.3 10.0681415564247 1
52.4 10.6982858294099 1
52.5 11.511352203477 1
52.6 12.6371743048946 1
52.7 14.3974441122887 1
52.8 17.9519459376162 1
52.9 33.0161573295188 1
53 74.2960322501567 1
53.1 85.0240114651383 1
53.2 83.7739139966577 1
53.3 77.7109726332914 1
53.4 69.6455539163227 1
53.5 61.0251384745282 1
53.6 52.6762903344422 1
53.7 45.0618486574655 1
53.8 38.4416998251383 1
53.9 32.9075329128622 1
54 28.3770933553954 1
54.1 24.6960759238278 1
54.2 21.7205437265393 1
54.3 19.3343131793049 1
54.4 17.4428381616416 1
54.5 15.9662857201945 1
54.6 14.8362866314863 1
54.7 13.9948657371047 1
54.8 13.3938358275358 1
54.9 12.9939958077667 1
55 12.7641295455088 1
55.1 12.6799834217473 1
55.2 12.7233798831759 1
55.3 12.8815708528901 1
55.4 13.1469085540275 1
55.5 13.5169276423981 1
55.6 13.9950048142909 1
55.7 14.5919284360725 1
55.8 15.329074810349 1
55.9 16.2447249003516 1
56 17.4071376543732 1
56.1 18.9436558747369 1
56.2 21.1117862565045 1
56.3 24.4863679132571 1
56.4 30.3743390154941 1
56.5 40.0584272373253 1
56.6 48.8819672593282 1
56.7 52.4591820586426 1
56.8 52.2096474558032 1
56.9 49.918617431465 1
57 46.7431656733873 1
57.1 43.3946902921195 1
57.2 40.2897780037285 1
57.3 37.6381970585783 1
57.4 35.5098567663199 1
57.5 33.8931395423727 1
57.6 32.7376800504868 1
57.7 31.9795122625652 1
57.8 31.5533744353371 1
57.9 31.3976047317832 1
58 31.4552713752127 1
58.1 31.6736190331114 1
58.2 32.0030289082365 1
58.3 32.3962593773742 1
58.4 32.808476525553 1
58.5 33.1982984071199 1
58.6 33.5296923613859 1
58.7 33.7741725788852 1
58.8 33.9125428570245 1
58.9 33.9355568762033 1
59 33.8432661448071 1
59.1 33.643269618258 1
59.2 33.3483546489171 1
59.3 32.9740565972734 1
59.4 32.5365307525157 1
59.5 32.0509374570603 1
59.6 31.5303736395997 1
59.7 30.9852763536395 1
59.8 30.4231751829376 1
59.9 29.84866263545 1
60 29.263462357754 1
60.1 28.6664762731388 1
60.2 28.053642360331 1
60.3 27.4171978383228 1
60.4 26.762453480692 1
60.5 26.1359281931856 1
60.6 25.5677761109482 1
60.7 25.0741173053358 1
60.8 24.6637107678686 1
60.9 24.341576756106 1
61 24.111253312225 1
61.1 23.9762939331703 1
61.2 23.9413926083121 1
61.3 24.0133903033463 1
61.4 24.202337777617 1
61.5 24.5227372732344 1
61.6 24.9950137775344 1
61.7 25.6470759556489 1
61.8 26.5152806467639 1
61.9 27.6426837846011 1
62 29.0692737819273 1
62.1 30.8040198834389 1
62.2 32.7694394886364 1
62.3 34.7400196833893 1
62.4 36.3596948700871 1
62.5 37.2976824990264 1
62.6 37.4159754553842 1
62.7 36.7873000033821 1
62.8 35.599136325811 1
62.9 34.0565793937232 1
63 32.329596497956 1
63.1 30.5381812029319 1
63.2 28.7578009546524 1
63.3 27.0315984070648 1
63.4 25.3821528667814 1
63.5 23.8202991998929 1
63.6 22.3508531802899 1
63.7 20.9758676765236 1
63.8 19.6961448284891 1
63.9 18.5116517824097 1
64 17.4213824097514 1
64.1 16.423078832558 1
64.2 15.5130688311751 1
64.3 14.6863163872611 1
64.4 13.9366636530745 1
64.5 13.2571844040441 1
64.6 12.6405632810157 1
64.7 12.0794382388241 1
64.8 11.566673560574 1
64.9 11.095555052286 1
65 10.6599139108304 1
65.1 10.2541924892873 1
65.2 9.87346654425628 1
65.3 9.5134370783522 1
65.4 9.17040232958286 1
65.5 8.84121779359712 1
65.6 8.52324985171962 1
65.7 8.21432676238368 1
65.8 7.91268944334741 1
65.9 7.61694354878651 1
66 7.32601373450957 1
66.1 7.03910061823746 1
66.2 6.75564070758798 1
66.3 6.47526943066561 1
66.4 6.19778732324935 1
66.5 5.92312937590761 1
66.6 5.65133750763123 1
66.7 5.38253610098444 1
66.8 5.11691050367075 1
66.9 4.85468837226214 1
67 4.5961237066971 1
67.1 4.34148340056536 1
67.2 4.09103611354013 1
67.3 3.84504325945286 1
67.4 3.60375189668965 1
67.5 3.36738930654175 1
67.6 3.13615904919319 1
67.7 2.91023829527544 1
67.8 2.68977624238126 1
67.9 2.47489343965683 1
68 2.26568185873192 1
68.1 2.06220556508924 1
68.2 1.86450185994468 1
68.3 1.67258277837512 1
68.4 1.48643684446969 1
68.5 1.30603099847096 1
68.6 1.13131262406486 1
68.7 0.962211616083048 1
68.8 0.798642439852141 1
68.9 0.640506143249872 1
69 0.487692291223277 1
69.1 0.3400808001237 1
69.2 0.197543655769392 1
69.3 0.0599465047221789 1
69.4 -0.072849887067242 1
69.5 -0.200988310251513 1
69.6 -0.324613921629845 1
69.7 -0.443873183726428 1
69.8 -0.558912929039985 1
69.9 -0.66987954225376 1
70 -0.776918252775041 1
70.1 -0.880172529409544 1
70.2 -0.979783568704888 1
70.3 -1.0758898684616 1
70.4 -1.16862687805886 1
70.5 -1.25812671753169 1
70.6 -1.34451795772837 1
70.7 -1.42792545434075 1
70.8 -1.50847022911296 1
70.9 -1.5862693920936 1
71 -1.66143609950797 1
71.1 -1.73407954333919 1
71.2 -1.80430497446984 1
71.3 -1.87221378734921 1
71.4 -1.9379038001633 1
71.5 -2.00147011335381 1
71.6 -2.06300565525828 1
71.7 -2.12259005055003 1
71.8 -2.1802727684223 1
71.9 -2.23609308380202 1
72 -2.29009849305717 1
72.1 -2.34234301165248 1
72.2 -2.39288390684824 1
72.3 -2.44177990650574 1
72.4 -2.48909012119823 1
72.5 -2.53487330832836 1
72.6 -2.57918734666387 1
72.7 -2.62208886112777 1
72.8 -2.66363296043221 1
72.9 -2.70387306043236 1
73 -2.74286077255242 1
73.1 -2.78064584137524 1
73.2 -2.81727611911825 1
73.3 -2.85279756753076 1
73.4 -2.88725427993086 1
73.5 -2.92068851779352 1
73.6 -2.95314075761405 1
73.7 -2.98464974478671 1
73.8 -3.01525255202401 1
73.9 -3.04498464044786 1
74 -3.0738799219512 1
74.1 -3.10197082178796 1
74.2 -3.12928834062516 1
74.3 -3.15586211550205 1
74.4 -3.18172047930283 1
74.5 -3.20689051847206 1
74.6 -3.2313981287952 1
74.7 -3.25526806913667 1
74.8 -3.27852401308078 1
74.9 -3.30118859845964 1
75 -3.32328347478125 1
75.1 -3.34482934859146 1
75.2 -3.36584602681862 1
75.3 -3.38635245815975 1
75.4 -3.40636677257396 1
75.5 -3.42590631895273 1
75.6 -3.44498770103926 1
75.7 -3.46362681166936 1
75.8 -3.48183886540637 1
75.9 -3.49963842964124 1
76 -3.51703945422744 1
76.1 -3.53405529971813 1
76.2 -3.55069876427096 1
76.3 -3.56698210928316 1
76.4 -3.58291708381722 1
76.5 -3.59851494787496 1
76.6 -3.61378649457509 1
76.7 -3.62874207128689 1
76.8 -3.64339159977035 1
76.9 -3.65774459537053 1
77 -3.67181018531172 1
77.1 -3.68559712613487 1
77.2 -3.69911382031941 1
77.3 -3.71236833212879 1
77.4 -3.72536840271704 1
77.5 -3.73812146453194 1
77.6 -3.75063465504827 1
77.7 -3.7629148298636 1
77.8 -3.77496857518677 1
77.9 -3.78680221974827 1
78 -3.79842184616002 1
78.1 -3.8098333017508 1
78.2 -3.82104220890212 1
78.3 -3.8320539749085 1
78.4 -3.84287380138442 1
78.5 -3.85350669323959 1
78.6 -3.86395746724281 1
78.7 -3.87423076019392 1
78.8 -3.88433103672221 1
78.9 -3.89426259672897 1
79 -3.90402958249072 1
79.1 -3.91363598543927 1
79.2 -3.92308565263352 1
79.3 -3.93238229293752 1
79.4 -3.94152948291855 1
79.5 -3.95053067247818 1
79.6 -3.9593891902288 1
79.7 -3.96810824862748 1
79.8 -3.97669094887836 1
79.9 -3.98514028561445 1
80 -3.99345915136887 1
